11
36
3
7
11
3
10
20
14
1
20
20
20
3
3
24
3
3
6
33
18
3
10
20
11
10
11
30
11
3
3
2
1
2
3
10
11
19
2
20
27
34
3
5
14
34
3
15
20
15
20
29
28
34
11
36
28
3
13
33
3
20
3
34
36
22
3
28
34
28
33
15
3
28
20
15
28
11
10
20
3
28
3
17
15
14
6
15
28
14
28
17
28
20
33
28
11
15
33
34
36
1
28
20
34
10
28
20
28
10
34
24
28
28
34
34
14
28
27
28
28
34
28
34
34
34
34
34
34
22
11
34
27
34
34
28
11
27
24
3
14
6
20
11
31
31
28
28
22
27
28
18
18
28
6
19
20
30
17
15
20
22
33
20
17
14
20
14
11
17
20
28
7
3
28
28
22
28
28
3
7
28
33
28
15
28
14
24
14
28
20
3
36
15
24
15
33
20
11
14
23
11
1
2
11
14
14
3
28
27
14
3
11
7
18
23
31
3
36
10
24
10
24
15
24
3
14
24
36
1
36
36
23
3
32
28
14
36
34
34
18
22
14
18
18
30
10
11
3
11
11
20
11
30
11
9
26
26
20
11
33
21
22
36
33
1
36
1
10
27
3
3
11
5
24
15
8
19
3
24
3
15
20
5
36
5
15
15
3
11
1
11
11
36
33
22
34
13
3
22
5
11
20
5
5
5
36
15
22
36
10
20
15
30
22
22
36
34
33
3
20
15
23
14
5
18
1
34
1
3
24
15
24
3
20
20
23
7
3
28
3
3
1
36
20
24
3
3
22
34
1
3
5
1
20
30
3
11
28
34
14
1
14
11
15
5
36
3
3
34
3
28
11
20
3
3
3
3
24
3
6
3
24
15
30
3
3
24
3
3
34
24
24
20
3
1
17
23
3
10
13
1
36
36
36
1
24
36
3
11
20
24
3
20
18
13
33
18
3
36
36
26
20
3
34
5
33
13
22
3
10
20
17
17
9
28
18
22
34
1
22
34
3
34
28
20
3
15
3
24
3
5
3
28
36
3
22
24
18
1
22
28
20
21
18
34
20
34
26
2
24
28
3
36
10
11
5
24
15
7
3
17
24
34
11
5
15
3
17
18
1
24
34
15
20
24
24
34
14
15
22
33
3
28
22
13
10
32
25
24
32
15
34
32
15
28
13
13
28
13
3
9
15
13
28
13
28
6
25
33
28
28
3
34
18
3
34
11
25
28
10
15
34
28
3
34
34
28
15
11
33
5
28
13
10
3
15
28
22
28
28
10
17
5
12
22
28
28
28
14
22
22
17
17
22
17
32
17
22
14
22
3
11
3
3
3
28
33
3
28
3
22
29
3
12
3
28
3
3
28
22
17
3
12
22
3
3
3
14
25
3
28
3
33
28
3
3
25
3
33
9
33
9
3
28
3
28
22
25
10
3
3
3
22
3
33
3
28
3
11
9
3
33
3
22
3
3
16
14
3
3
22
11
13
28
34
10
33
6
22
13
17
36
10
34
1
22
28
25
22
14
28
36
22
1
29
25
34
5
22
15
29
26
29
22
36
36
34
36
22
23
17
14
25
15
17
28
18
25
15
22
10
14
17
14
28
16
22
34
34
23
36
12
22
2
21
36
22
15
22
34
12
34
34
12
5
12
9
34
9
6
34
10
28
13
11
1
4
8
35
